10010
10011
10012
10020
10021
10022
10030
10031
10032
10040
10041
10042
10050
10051
10052
20010
20011
20012
20020
20021
20022
20030
20031
20032
20040
20041
20042
20050
20051
20052
30010
30011
30012
30020
30021
30022
30030
30031
30032
30040
30041
30042
30050
30051
30052
30060
30061
30062
30070
30071
30072
30080
30081
30082
40010
40011
40012
40020
40021
40022
40030
40031
40032
40040
40041
40042
40050
40051
40052
40060
40061
40062
40070
40071
40072
40080
40081
40082
50010
50011
50012
50020
50021
50022
50030
50031
50032
50040
50041
50042
50050
50051
50052
50060
50061
50062
50070
50071
50072
50080
50081
50082
50090
50091
50092
50100
50101
50102
60010
60011
60012
60020
60021
60022
60030
60031
60032
60040
60041
60042
60050
60051
60052
60060
60061
60062
60070
60071
60072
60080
60081
60082
60090
60091
60092
60100
60101
60102
70010
70011
70012
70020
70021
70022
70030
70031
70032
70040
70041
70042
70050
70051
70052
70060
70061
70062
70070
70071
70072
70080
70081
70082
70090
70091
70092
70100
70101
70102
80010
80011
80012
80020
80021
80022
80030
80031
80032
80040
80041
80042
80050
80051
80052
80060
80061
80062
80070
80071
80072
80080
80081
80082
80090
80091
80092
80100
80101
80102
90010
90011
90012
90020
90021
90022
90030
90031
90032
100010
100011
100012
100020
100021
100022
100030
100031
100032
100040
100041
100042
100050
100051
100052
100060
100061
100062
100070
100071
100072
100080
100081
100082
110010
110011
110012
110020
110021
110022
110030
110031
110032
110040
110041
110042
110050
110051
110052
110060
110061
110062
110070
110071
110072
110080
110081
110082
120010
120011
120012
120020
120021
120022
120030
120031
120032
120040
120041
120042
120050
120051
120052
120060
120061
120062
120070
120071
120072
120080
120081
120082
130010
130011
130012
130020
130021
130022
130030
130031
130032
130040
130041
130042
130050
130051
130052
130060
130061
130062
130070
130071
130072
130080
130081
130082
140010
140011
140012
140020
140021
140022
140030
140031
140032
140040
140041
140042
140050
140051
140052
140060
140061
140062
140070
140071
140072
140080
140081
140082
150010
150011
150012
150020
150021
150022
150030
150031
150032
160010
160011
160012
160020
160021
160022
160030
160031
160032
160040
160041
160042
160050
160051
160052
160060
160061
160062
160070
160071
160072
160080
160081
160082
170010
170011
170012
170020
170021
170022
170030
170031
170032
170040
170041
170042
170050
170051
170052
170060
170061
170062
170070
170071
170072
170080
170081
170082
180010
180011
180012
180020
180021
180022
180030
180031
180032
180040
180041
180042
180050
180051
180052
180060
180061
180062
180070
180071
180072
180080
180081
180082
190011
190012
190013
190021
190022
190023
190031
190032
190033
190041
190042
190043
190051
190052
190053
190061
190062
190063
190071
190072
190073
190081
190082
190083
200011
200012
200013
200021
200022
200023
200031
200032
200033
200041
200042
200043
200051
200052
200053
200061
200062
200063
200071
200072
200073
200081
200082
200083
210011
210012
210013
210021
210022
210023
210031
210032
210033
220011
220012
220013
220021
220022
220023
220031
220032
220033
220041
220042
220043
220051
220052
220053
220061
220062
220063
220071
220072
220073
220081
220082
220083
230011
230012
230013
230021
230022
230023
230031
230032
230033
230041
230042
230043
230051
230052
230053
230061
230062
230063
230071
230072
230073
230081
230082
230083
240011
240012
240013
240021
240022
240023
240031
240032
240033
240041
240042
240043
240051
240052
240053
240061
240062
240063
240071
240072
240073
240081
240082
240083
250011
250012
250013
250021
250022
250023
250031
250032
250033
250041
250042
250043
250051
250052
250053
250061
250062
250063
250071
250072
250073
250081
250082
250083
260011
260012
260013
260021
260022
260023
260031
260032
260033
260041
260042
260043
260051
260052
260053
260061
260062
260063
260071
260072
260073
260081
260082
260083
270011
270012
270013
270021
270022
270023
270031
270032
270033